69 (8975) 
115 (10377)
343 (7155)
345 (5882)
368 (28738)
401 (12303)
450 (13324)
489 (18921)
494 (10226)
573 (8426)
577 (5278)
581 (7803)
583 (5594)
682 (17427)
692 (17203)
722 (16203)
862 (11823)
886 (10502)
8 (14249)
51 (7815)
55 (12540)
73 (10212)
78 (7491)
140 (13478)
175 (6856)
229 (9282)
266 (9357)
366 (5682)
381 (11540)
413 (12212)
424 (6390)
523 (6497)
529 (23384)
538 (12140)
572 (6748)
576 (7069)
593 (10805)
675 (11778)
676 (13014)
735 (6042)
758 (8529)
785 (9059)
797 (11138)
812 (5579)
826 (8077)
854 (10404)
871 (5622)
888 (8194)
893 (9502)
956 (17116)
982 (11264)
53 (5768)
159 (5688)
192 (7912)
322 (7065)
412 (6191)
480 (13540)
526 (6842)
569 (5126)
571 (8639)
598 (8493)
694 (12819)
701 (6146)
809 (10072)
820 (8033)
897 (14992)
928 (5052)
952 (7981)
992 (8187)
48 (7913)
205 (16638)
227 (7125)
279 (10940)
294 (12140)
414 (5921)
509 (9056)
780 (5309)
814 (7451)
885 (9614)
984 (7998)
58 (5549)
82 (7223)
120 (13343)
217 (19326)
220 (6976)
334 (7541)
470 (12455)
487 (11543)
658 (7351)
720 (15259)
763 (6434)
795 (11307)
800 (9332)
883 (16040)
918 (11166)
919 (11590)
941 (5252)
947 (8337)
185 (5025)
339 (8204)
477 (10646)
618 (6841)
623 (5647)
900 (6624)
913 (9730)
937 (16311)
949 (8270)
989 (8579)
38 (7783)
385 (5740)
440 (6682)
541 (12724)
554 (8328)
597 (12320)
663 (10358)
788 (5568)
887 (5279)
966 (13529)
981 (6371)
31 (9154)
35 (6623)
71 (13436)
127 (5411)
132 (9319)
204 (12364)
242 (8183)
265 (5620)
362 (14680)
387 (6235)
419 (20216)
548 (7377)
878 (6327)
895 (14682)
914 (17343)
1 (6691)
4 (5861)
72 (11710)
142 (5003)
296 (6299)
316 (10409)
347 (6312)
706 (10963)
890 (12637)
975 (6077)
21 (9659)
104 (5962)
122 (8703)
196 (9273)
207 (7802)
438 (18491)
634 (10332)
684 (9128)
967 (8343)
28 (5967)
54 (8895)
70 (10963)
350 (9749)
411 (6025)
460 (11886)
472 (8744)
620 (5006)
641 (5587)
742 (5102)
829 (23121)
27 (7537)
100 (6006)
449 (5178)
578 (5551)
711 (5085)
769 (6660)
789 (6694)
844 (7314)
944 (8662)
946 (6526)
171 (6209)
183 (10223)
236 (11040)
346 (9720)
351 (7669)
354 (13384)
373 (9837)
377 (10243)
561 (9357)
585 (5523)
606 (8362)
674 (10165)
686 (7337)
752 (12980)
884 (5080)
39 (7946)
43 (8163)
45 (7218)
129 (6767)
567 (6053)
614 (9391)
639 (6384)
707 (5803)
766 (18250)
792 (5847)
274 (5884)
280 (9001)
283 (14727)
638 (5356)
738 (7353)
775 (13771)
804 (7871)
998 (7442)
111 (6894)
112 (10284)
118 (7617)
155 (6254)
197 (7590)
198 (9404)
326 (9734)
467 (6584)
631 (9328)
736 (9445)
746 (8239)
784 (7579)
841 (6753)
25 (8856)
26 (5074)
32 (10519)
161 (11585)
276 (9828)
97 (7244)
110 (12494)
145 (15706)
611 (5856)
653 (6050)
874 (5317)
968 (6208)
46 (9035)
93 (9441)
141 (5295)
259 (6800)
408 (6699)
427 (10480)
522 (8001)
628 (7259)
629 (7448)
661 (9059)
782 (7113)
85 (5944)
151 (11383)
690 (5201)
833 (5588)
899 (5317)
510 (20125)
68 (5336)
116 (6680)
275 (6806)
319 (7112)
540 (7375)
712 (5483)
819 (6635)
921 (7256)
290 (5752)
710 (6046)
798 (6027)
983 (5778)
405 (7558)
308 (5773)
938 (7234)
793 (6485)
867 (6703)
12 (13204)
125 (5855)
403 (5487)
910 (6318)
2 (5302)
310 (6029)
17 (5698)
168 (6539)
258 (6501)
443 (5101)
574 (6243)
24 (5072)
239 (9789)
550 (6471)
778 (7501)
390 (7281)
527 (5342)
177 (13775)
579 (8767)
687 (8436)
300 (5098)
513 (5048)
234 (7445)
468 (5056)
484 (7304)
348 (6105)
349 (7294)
505 (5014)
825 (5701)
114 (5459)
745 (5043)
803 (5252)
298 (5118)
991 (5879)
130 (7828)
368 489 (6120)
368 682 (6130)
368 692 (5867)
217 368 (6125)
368 419 (5569)
368 914 (5560)
529 829 (5638)
368 829 (6957)
205 368 (5171)
368 438 (5126)
368 529 (7500)
529 692 (5409)
368 510 (5716)
368 720 (5086)
368 937 (5394)
